name|symb|Cat_mcap|Cat_rank|Cat_price.USD|Cat_price.BTC|Cat_supply
Bitcoin|BTC|(1e+09,1.2e+11]|(0,10]|(1e+03,1e+04]|(0.05,1.01]|(1e+07,5e+07]
Ethereum|ETH|(1e+09,1.2e+11]|(0,10]|(100,500]|(0.05,1.01]|(1e+08,5e+08]
XRP|XRP|(1e+09,1.2e+11]|(0,10]|(0.25,0.5]|(5e-05,0.0001]|(1e+10,1e+12]
BitcoinCash|BCH|(1e+09,1.2e+11]|(0,10]|(500,1e+03]|(0.05,1.01]|(1e+07,5e+07]
EOS|EOS|(1e+09,1.2e+11]|(0,10]|(1,10]|(0.001,0.01]|(5e+08,1e+09]
Litecoin|LTC|(1e+09,1.2e+11]|(0,10]|(25,100]|(0.01,0.05]|(5e+07,1e+08]
Stellar|XLM|(1e+09,1.2e+11]|(0,10]|(0.1,0.25]|(1e-05,5e-05]|(1e+10,1e+12]
Cardano|ADA|(1e+09,1.2e+11]|(0,10]|(0.1,0.25]|(1e-05,5e-05]|(1e+10,1e+12]
IOTA|MIOTA|(1e+09,1.2e+11]|(0,10]|(1,10]|(0.0001,0.001]|(1e+09,1e+10]
Tether|USDT|(1e+09,1.2e+11]|(0,10]|(0.5,1]|(0.0001,0.001]|(1e+09,1e+10]
TRON|TRX|(1e+09,1.2e+11]|(10,25]|(0.03,0.1]|(5e-06,1e-05]|(1e+10,1e+12]
NEO|NEO|(1e+09,1.2e+11]|(10,25]|(25,100]|(0.001,0.01]|(5e+07,1e+08]
Monero|XMR|(1e+09,1.2e+11]|(10,25]|(100,500]|(0.01,0.05]|(1e+07,5e+07]
Dash|DASH|(1e+09,1.2e+11]|(10,25]|(100,500]|(0.01,0.05]|(0,1e+07]
EthereumClassic|ETC|(1e+09,1.2e+11]|(10,25]|(10,25]|(0.001,0.01]|(1e+08,5e+08]
NEM|XEM|(1e+09,1.2e+11]|(10,25]|(0.1,0.25]|(1e-05,5e-05]|(1e+09,1e+10]
BinanceCoin|BNB|(1e+09,1.2e+11]|(10,25]|(10,25]|(0.001,0.01]|(1e+08,5e+08]
VeChain|VEN|(1e+09,1.2e+11]|(10,25]|(1,10]|(0.0001,0.001]|(5e+08,1e+09]
Tezos|XTZ|(1e+09,1.2e+11]|(10,25]|(1,10]|(0.0001,0.001]|(5e+08,1e+09]
OmiseGO|OMG|(5e+08,1e+09]|(10,25]|(1,10]|(0.001,0.01]|(1e+08,5e+08]
Qtum|QTUM|(5e+08,1e+09]|(10,25]|(1,10]|(0.001,0.01]|(5e+07,1e+08]
Zcash|ZEC|(5e+08,1e+09]|(10,25]|(100,500]|(0.01,0.05]|(0,1e+07]
Ontology|ONT|(5e+08,1e+09]|(10,25]|(1,10]|(0.0001,0.001]|(1e+08,5e+08]
ICON|ICX|(5e+08,1e+09]|(10,25]|(1,10]|(0.0001,0.001]|(1e+08,5e+08]
Zilliqa|ZIL|(5e+08,1e+09]|(10,25]|(0.03,0.1]|(1e-05,5e-05]|(1e+09,1e+10]
Lisk|LSK|(5e+08,1e+09]|(25,50]|(1,10]|(0.0001,0.001]|(1e+08,5e+08]
Bytecoin|BCN|(5e+08,1e+09]|(25,50]|(0,0.03]|(0,1e-06]|(1e+10,1e+12]
0x|ZRX|(5e+08,1e+09]|(25,50]|(0.5,1]|(0.0001,0.001]|(5e+08,1e+09]
Decred|DCR|(5e+08,1e+09]|(25,50]|(25,100]|(0.01,0.05]|(0,1e+07]
BitcoinGold|BTG|(5e+08,1e+09]|(25,50]|(25,100]|(0.001,0.01]|(1e+07,5e+07]
Aeternity|AE|(1e+08,5e+08]|(25,50]|(1,10]|(0.0001,0.001]|(1e+08,5e+08]
BitShares|BTS|(1e+08,5e+08]|(25,50]|(0.1,0.25]|(1e-05,5e-05]|(1e+09,1e+10]
Steem|STEEM|(1e+08,5e+08]|(25,50]|(1,10]|(0.0001,0.001]|(1e+08,5e+08]
Siacoin|SC|(1e+08,5e+08]|(25,50]|(0,0.03]|(1e-06,5e-06]|(1e+10,1e+12]
Augur|REP|(1e+08,5e+08]|(25,50]|(25,100]|(0.001,0.01]|(1e+07,5e+07]
Bytom|BTM|(1e+08,5e+08]|(25,50]|(0.25,0.5]|(5e-05,0.0001]|(1e+09,1e+10]
Verge|XVG|(1e+08,5e+08]|(25,50]|(0,0.03]|(1e-06,5e-06]|(1e+10,1e+12]
Maker|MKR|(1e+08,5e+08]|(25,50]|(500,1e+03]|(0.05,1.01]|(0,1e+07]
PundiX|NPXS|(1e+08,5e+08]|(25,50]|(0,0.03]|(0,1e-06]|(1e+10,1e+12]
Nano|NANO|(1e+08,5e+08]|(25,50]|(1,10]|(0.0001,0.001]|(1e+08,5e+08]
DigiByte|DGB|(1e+08,5e+08]|(25,50]|(0.03,0.1]|(1e-06,5e-06]|(1e+10,1e+12]
BitcoinDiamond|BCD|(1e+08,5e+08]|(25,50]|(1,10]|(0.0001,0.001]|(1e+08,5e+08]
Dogecoin|DOGE|(1e+08,5e+08]|(25,50]|(0,0.03]|(0,1e-06]|(1e+10,1e+12]
Waves|WAVES|(1e+08,5e+08]|(25,50]|(1,10]|(0.0001,0.001]|(5e+07,1e+08]
Golem|GNT|(1e+08,5e+08]|(25,50]|(0.25,0.5]|(5e-05,0.0001]|(5e+08,1e+09]
Populous|PPT|(1e+08,5e+08]|(25,50]|(1,10]|(0.001,0.01]|(1e+07,5e+07]
Status|SNT|(1e+08,5e+08]|(25,50]|(0.03,0.1]|(1e-05,5e-05]|(1e+09,1e+10]
Wanchain|WAN|(1e+08,5e+08]|(25,50]|(1,10]|(0.0001,0.001]|(1e+08,5e+08]
Stratis|STRAT|(1e+08,5e+08]|(25,50]|(1,10]|(0.0001,0.001]|(5e+07,1e+08]
BasicAttenti...|BAT|(1e+08,5e+08]|(25,50]|(0.25,0.5]|(1e-05,5e-05]|(5e+08,1e+09]
RChain|RHOC|(1e+08,5e+08]|(50,100]|(0.5,1]|(0.0001,0.001]|(1e+08,5e+08]
Hshare|HSR|(1e+08,5e+08]|(50,100]|(1,10]|(0.0001,0.001]|(1e+07,5e+07]
KuCoinShares|KCS|(1e+08,5e+08]|(50,100]|(1,10]|(0.0001,0.001]|(5e+07,1e+08]
Waltonchain|WTC|(1e+08,5e+08]|(50,100]|(1,10]|(0.001,0.01]|(1e+07,5e+07]
BitcoinPrivate|BTCP|(1e+08,5e+08]|(50,100]|(10,25]|(0.001,0.01]|(1e+07,5e+07]
Nebulas|NAS|(1e+08,5e+08]|(50,100]|(1,10]|(0.0001,0.001]|(1e+07,5e+07]
IOST|IOST|(1e+08,5e+08]|(50,100]|(0,0.03]|(1e-06,5e-06]|(1e+09,1e+10]
Mixin|XIN|(1e+08,5e+08]|(50,100]|(100,500]|(0.05,1.01]|(0,1e+07]
DigixDAO|DGD|(1e+08,5e+08]|(50,100]|(25,100]|(0.01,0.05]|(0,1e+07]
Loopring|LRC|(1e+08,5e+08]|(50,100]|(0.25,0.5]|(5e-05,0.0001]|(5e+08,1e+09]
GXChain|GXS|(1e+08,5e+08]|(50,100]|(1,10]|(0.0001,0.001]|(5e+07,1e+08]
HuobiToken|HT|(1e+08,5e+08]|(50,100]|(1,10]|(0.0001,0.001]|(5e+07,1e+08]
Aion|AION|(1e+08,5e+08]|(50,100]|(1,10]|(0.0001,0.001]|(1e+08,5e+08]
Mithril|MITH|(1e+08,5e+08]|(50,100]|(0.5,1]|(5e-05,0.0001]|(1e+08,5e+08]
aelf|ELF|(1e+08,5e+08]|(50,100]|(0.5,1]|(0.0001,0.001]|(1e+08,5e+08]
Komodo|KMD|(1e+08,5e+08]|(50,100]|(1,10]|(0.0001,0.001]|(1e+08,5e+08]
Ardor|ARDR|(1e+08,5e+08]|(50,100]|(0.1,0.25]|(1e-05,5e-05]|(5e+08,1e+09]
Ark|ARK|(1e+08,5e+08]|(50,100]|(1,10]|(0.0001,0.001]|(1e+08,5e+08]
MaidSafeCoin|MAID|(1e+08,5e+08]|(50,100]|(0.25,0.5]|(5e-05,0.0001]|(1e+08,5e+08]
Bancor|BNT|(1e+08,5e+08]|(50,100]|(1,10]|(0.0001,0.001]|(5e+07,1e+08]
LoomNetwork|LOOM|(1e+08,5e+08]|(50,100]|(0.1,0.25]|(1e-05,5e-05]|(5e+08,1e+09]
FunFair|FUN|(1e+08,5e+08]|(50,100]|(0,0.03]|(1e-06,5e-06]|(1e+09,1e+10]
Monaco|MCO|(1e+08,5e+08]|(50,100]|(1,10]|(0.001,0.01]|(1e+07,5e+07]
MonaCoin|MONA|(1e+08,5e+08]|(50,100]|(1,10]|(0.0001,0.001]|(5e+07,1e+08]
ReddCoin|RDD|(1e+08,5e+08]|(50,100]|(0,0.03]|(0,1e-06]|(1e+10,1e+12]
Ethos|ETHOS|(1e+08,5e+08]|(50,100]|(1,10]|(0.0001,0.001]|(5e+07,1e+08]
KyberNetwork|KNC|(1e+08,5e+08]|(50,100]|(0.5,1]|(0.0001,0.001]|(1e+08,5e+08]
Dentacoin|DCN|(1e+08,5e+08]|(50,100]|(0,0.03]|(0,1e-06]|(1e+10,1e+12]
Gas|GAS|(1e+08,5e+08]|(50,100]|(10,25]|(0.001,0.01]|(1e+07,5e+07]
Cryptonex|CNX|(1e+08,5e+08]|(50,100]|(1,10]|(0.0001,0.001]|(1e+07,5e+07]
CyberMiles|CMT|(1e+08,5e+08]|(50,100]|(0.1,0.25]|(1e-05,5e-05]|(5e+08,1e+09]
Veritaseum|VERI|(1e+08,5e+08]|(50,100]|(25,100]|(0.001,0.01]|(0,1e+07]
Emercoin|EMC|(1e+08,5e+08]|(50,100]|(1,10]|(0.0001,0.001]|(1e+07,5e+07]
Cortex|CTXC|(1e+08,5e+08]|(50,100]|(0.5,1]|(0.0001,0.001]|(1e+08,5e+08]
Elastos|ELA|(1e+08,5e+08]|(50,100]|(10,25]|(0.001,0.01]|(0,1e+07]
PIVX|PIVX|(1e+08,5e+08]|(50,100]|(1,10]|(0.0001,0.001]|(5e+07,1e+08]
Dropil|DROP|(1e+08,5e+08]|(50,100]|(0,0.03]|(0,1e-06]|(1e+10,1e+12]
Enigma|ENG|(1e+08,5e+08]|(50,100]|(1,10]|(0.0001,0.001]|(5e+07,1e+08]
Polymath|POLY|(1e+08,5e+08]|(50,100]|(0.25,0.5]|(5e-05,0.0001]|(1e+08,5e+08]
Kin|KIN|(1e+08,5e+08]|(50,100]|(0,0.03]|(0,1e-06]|(1e+10,1e+12]
MOAC|MOAC|(1e+08,5e+08]|(50,100]|(1,10]|(0.0001,0.001]|(1e+07,5e+07]
ThetaToken|THETA|(1e+08,5e+08]|(50,100]|(0.1,0.25]|(1e-05,5e-05]|(5e+08,1e+09]
Decentraland|MANA|(1e+08,5e+08]|(50,100]|(0.03,0.1]|(1e-05,5e-05]|(1e+09,1e+10]
PowerLedger|POWR|(1e+08,5e+08]|(50,100]|(0.25,0.5]|(1e-05,5e-05]|(1e+08,5e+08]
Factom|FCT|(1e+08,5e+08]|(50,100]|(10,25]|(0.001,0.01]|(0,1e+07]
Electroneum|ETN|(5e+07,1e+08]|(50,100]|(0,0.03]|(1e-06,5e-06]|(1e+09,1e+10]
Nxt|NXT|(5e+07,1e+08]|(50,100]|(0.03,0.1]|(1e-05,5e-05]|(5e+08,1e+09]
WAX|WAX|(5e+07,1e+08]|(50,100]|(0.1,0.25]|(1e-05,5e-05]|(5e+08,1e+09]
QASH|QASH|(5e+07,1e+08]|(50,100]|(0.25,0.5]|(1e-05,5e-05]|(1e+08,5e+08]
SmartCash|SMART|(5e+07,1e+08]|(50,100]|(0.03,0.1]|(1e-05,5e-05]|(1e+09,1e+10]
BiboxToken|BIX|(5e+07,1e+08]|(100,200]|(0.5,1]|(0.0001,0.001]|(1e+08,5e+08]
Syscoin|SYS|(5e+07,1e+08]|(100,200]|(0.1,0.25]|(1e-05,5e-05]|(5e+08,1e+09]
Paypex|PAYX|(5e+07,1e+08]|(100,200]|(1,10]|(0.0001,0.001]|(5e+07,1e+08]
WaykiChain|WICC|(5e+07,1e+08]|(100,200]|(0.5,1]|(5e-05,0.0001]|(1e+08,5e+08]
Storm|STORM|(5e+07,1e+08]|(100,200]|(0,0.03]|(1e-06,5e-06]|(1e+09,1e+10]
Centrality|CENNZ|(5e+07,1e+08]|(100,200]|(0.1,0.25]|(1e-05,5e-05]|(5e+08,1e+09]
Substratum|SUB|(5e+07,1e+08]|(100,200]|(0.1,0.25]|(1e-05,5e-05]|(1e+08,5e+08]
Nuls|NULS|(5e+07,1e+08]|(100,200]|(1,10]|(0.0001,0.001]|(1e+07,5e+07]
Gifto|GTO|(5e+07,1e+08]|(100,200]|(0.1,0.25]|(1e-05,5e-05]|(5e+08,1e+09]
TrueUSD|TUSD|(5e+07,1e+08]|(100,200]|(0.5,1]|(0.0001,0.001]|(5e+07,1e+08]
ZCoin|XZC|(5e+07,1e+08]|(100,200]|(10,25]|(0.001,0.01]|(0,1e+07]
Scry.info|DDD|(5e+07,1e+08]|(100,200]|(0.1,0.25]|(1e-05,5e-05]|(1e+08,5e+08]
ZenCash|ZEN|(5e+07,1e+08]|(100,200]|(10,25]|(0.001,0.01]|(0,1e+07]
Game.com|GTC|(5e+07,1e+08]|(100,200]|(0.1,0.25]|(1e-05,5e-05]|(5e+08,1e+09]
ChainLink|LINK|(5e+07,1e+08]|(100,200]|(0.1,0.25]|(1e-05,5e-05]|(1e+08,5e+08]
MatrixAINet...|MAN|(5e+07,1e+08]|(100,200]|(0.5,1]|(5e-05,0.0001]|(1e+08,5e+08]
Dent|DENT|(5e+07,1e+08]|(100,200]|(0,0.03]|(1e-06,5e-06]|(1e+10,1e+12]
Fusion|FSN|(5e+07,1e+08]|(100,200]|(1,10]|(0.0001,0.001]|(1e+07,5e+07]
Nexus|NXS|(5e+07,1e+08]|(100,200]|(1,10]|(0.0001,0.001]|(5e+07,1e+08]
ByteballBytes|GBYTE|(5e+07,1e+08]|(100,200]|(100,500]|(0.01,0.05]|(0,1e+07]
Docademic|MTC|(5e+07,1e+08]|(100,200]|(0.1,0.25]|(1e-05,5e-05]|(1e+08,5e+08]
Blocknet|BLOCK|(5e+07,1e+08]|(100,200]|(10,25]|(0.001,0.01]|(0,1e+07]
Storj|STORJ|(5e+07,1e+08]|(100,200]|(0.5,1]|(5e-05,0.0001]|(1e+08,5e+08]
TenX|PAY|(5e+07,1e+08]|(100,200]|(0.5,1]|(5e-05,0.0001]|(1e+08,5e+08]
SALT|SALT|(5e+07,1e+08]|(100,200]|(1,10]|(0.0001,0.001]|(5e+07,1e+08]
Civic|CVC|(5e+07,1e+08]|(100,200]|(0.1,0.25]|(1e-05,5e-05]|(1e+08,5e+08]
Dragonchain|DRGN|(5e+07,1e+08]|(100,200]|(0.25,0.5]|(1e-05,5e-05]|(1e+08,5e+08]
Iconomi|ICN|(5e+07,1e+08]|(100,200]|(0.5,1]|(0.0001,0.001]|(5e+07,1e+08]
SingularityNET|AGI|(5e+07,1e+08]|(100,200]|(0.1,0.25]|(1e-05,5e-05]|(5e+08,1e+09]
TokenPay|TPAY|(5e+07,1e+08]|(100,200]|(1,10]|(0.0001,0.001]|(1e+07,5e+07]
BitcoinDark|BTCD|(5e+07,1e+08]|(100,200]|(25,100]|(0.001,0.01]|(0,1e+07]
Bluzelle|BLZ|(5e+07,1e+08]|(100,200]|(0.25,0.5]|(5e-05,0.0001]|(1e+08,5e+08]
iExecRLC|RLC|(5e+07,1e+08]|(100,200]|(0.5,1]|(0.0001,0.001]|(5e+07,1e+08]
Nexo|NEXO|(5e+07,1e+08]|(100,200]|(0.1,0.25]|(1e-05,5e-05]|(5e+08,1e+09]
MediShares|MDS|(5e+07,1e+08]|(100,200]|(0.03,0.1]|(5e-06,1e-05]|(1e+09,1e+10]
HighPerforma...|HPB|(5e+07,1e+08]|(100,200]|(1,10]|(0.0001,0.001]|(1e+07,5e+07]
DeepBrainChain|DBC|(5e+07,1e+08]|(100,200]|(0.03,0.1]|(5e-06,1e-05]|(1e+09,1e+10]
Achain|ACT|(5e+07,1e+08]|(100,200]|(0.1,0.25]|(1e-05,5e-05]|(5e+08,1e+09]
NucleusVision|NCASH|(5e+07,1e+08]|(100,200]|(0,0.03]|(1e-06,5e-06]|(1e+09,1e+10]
ODEM|ODE|(5e+07,1e+08]|(100,200]|(0.25,0.5]|(5e-05,0.0001]|(1e+08,5e+08]
Revain|R|(5e+07,1e+08]|(100,200]|(0.25,0.5]|(1e-05,5e-05]|(1e+08,5e+08]
Holo|HOT|(5e+07,1e+08]|(100,200]|(0,0.03]|(0,1e-06]|(1e+10,1e+12]
BnkToTheFuture|BFT|(5e+07,1e+08]|(100,200]|(0.03,0.1]|(1e-05,5e-05]|(5e+08,1e+09]
Skycoin|SKY|(5e+07,1e+08]|(100,200]|(1,10]|(0.0001,0.001]|(0,1e+07]
TimeNewBank|TNB|(5e+07,1e+08]|(100,200]|(0,0.03]|(1e-06,5e-06]|(1e+09,1e+10]
Aragon|ANT|(5e+07,1e+08]|(100,200]|(1,10]|(0.0001,0.001]|(1e+07,5e+07]
CyberVein|CVT|(5e+07,1e+08]|(100,200]|(0.03,0.1]|(5e-06,1e-05]|(1e+09,1e+10]
RequestNetwork|REQ|(5e+07,1e+08]|(100,200]|(0.03,0.1]|(1e-05,5e-05]|(5e+08,1e+09]
SantimentNet...|SAN|(5e+07,1e+08]|(100,200]|(0.5,1]|(0.0001,0.001]|(5e+07,1e+08]
Gnosis|GNO|(5e+07,1e+08]|(100,200]|(25,100]|(0.001,0.01]|(0,1e+07]
Nexty|NTY|(5e+07,1e+08]|(100,200]|(0,0.03]|(0,1e-06]|(1e+10,1e+12]
SONM|SNM|(5e+07,1e+08]|(100,200]|(0.1,0.25]|(1e-05,5e-05]|(1e+08,5e+08]
Neblio|NEBL|(5e+07,1e+08]|(100,200]|(1,10]|(0.0001,0.001]|(1e+07,5e+07]
StreamrDATAcoin|DATA|(5e+07,1e+08]|(100,200]|(0.03,0.1]|(1e-05,5e-05]|(5e+08,1e+09]
Ignis|IGNIS|(5e+07,1e+08]|(100,200]|(0.03,0.1]|(1e-05,5e-05]|(5e+08,1e+09]
Arcblock|ABT|(5e+07,1e+08]|(100,200]|(0.5,1]|(5e-05,0.0001]|(5e+07,1e+08]
SmartMesh|SMT|(5e+07,1e+08]|(100,200]|(0.03,0.1]|(5e-06,1e-05]|(1e+09,1e+10]
Dai|DAI|(5e+07,1e+08]|(100,200]|(0.5,1]|(0.0001,0.001]|(5e+07,1e+08]
Ruff|RUFF|(5e+07,1e+08]|(100,200]|(0.03,0.1]|(5e-06,1e-05]|(5e+08,1e+09]
Particl|PART|(5e+07,1e+08]|(100,200]|(1,10]|(0.0001,0.001]|(1e+07,5e+07]
TrueChain|TRUE|(5e+07,1e+08]|(100,200]|(1,10]|(0.0001,0.001]|(1e+07,5e+07]
THEKEY|TKY|(5e+07,1e+08]|(100,200]|(0,0.03]|(1e-06,5e-06]|(1e+09,1e+10]
Groestlcoin|GRS|(5e+07,1e+08]|(100,200]|(0.5,1]|(0.0001,0.001]|(5e+07,1e+08]
EDUCare|EKT|(5e+07,1e+08]|(100,200]|(0.1,0.25]|(1e-05,5e-05]|(1e+08,5e+08]
Bottos|BTO|(2.5e+07,5e+07]|(100,200]|(0.03,0.1]|(1e-05,5e-05]|(1e+08,5e+08]
Cindicator|CND|(2.5e+07,5e+07]|(100,200]|(0.03,0.1]|(5e-06,1e-05]|(1e+09,1e+10]
TaTaTu|TTU|(2.5e+07,5e+07]|(100,200]|(0.25,0.5]|(5e-05,0.0001]|(5e+07,1e+08]
EnjinCoin|ENJ|(2.5e+07,5e+07]|(100,200]|(0.03,0.1]|(5e-06,1e-05]|(5e+08,1e+09]
Ambrosus|AMB|(2.5e+07,5e+07]|(100,200]|(0.25,0.5]|(1e-05,5e-05]|(1e+08,5e+08]
eosDAC|EOSDAC|(2.5e+07,5e+07]|(100,200]|(0.03,0.1]|(1e-05,5e-05]|(5e+08,1e+09]
Vertcoin|VTC|(2.5e+07,5e+07]|(100,200]|(1,10]|(0.0001,0.001]|(1e+07,5e+07]
Quantstamp|QSP|(2.5e+07,5e+07]|(100,200]|(0.03,0.1]|(1e-05,5e-05]|(5e+08,1e+09]
Selfkey|KEY|(2.5e+07,5e+07]|(100,200]|(0,0.03]|(1e-06,5e-06]|(1e+09,1e+10]
BLOCKv|VEE|(2.5e+07,5e+07]|(100,200]|(0,0.03]|(1e-06,5e-06]|(1e+09,1e+10]
Storiqa|STQ|(2.5e+07,5e+07]|(100,200]|(0,0.03]|(0,1e-06]|(1e+09,1e+10]
AllSports|SOC|(2.5e+07,5e+07]|(100,200]|(0.03,0.1]|(5e-06,1e-05]|(5e+08,1e+09]
POANetwork|POA|(2.5e+07,5e+07]|(100,200]|(0.1,0.25]|(1e-05,5e-05]|(1e+08,5e+08]
Asch|XAS|(2.5e+07,5e+07]|(100,200]|(0.25,0.5]|(5e-05,0.0001]|(5e+07,1e+08]
DynamicTradi...|DTR|(2.5e+07,5e+07]|(100,200]|(0.03,0.1]|(5e-06,1e-05]|(1e+09,1e+10]
Credits|CS|(2.5e+07,5e+07]|(100,200]|(0.25,0.5]|(1e-05,5e-05]|(1e+08,5e+08]
SafeExchange...|SAFEX|(2.5e+07,5e+07]|(100,200]|(0,0.03]|(1e-06,5e-06]|(1e+09,1e+10]
GenaroNetwork|GNX|(2.5e+07,5e+07]|(100,200]|(0.1,0.25]|(1e-05,5e-05]|(1e+08,5e+08]
Po.et|POE|(2.5e+07,5e+07]|(100,200]|(0,0.03]|(1e-06,5e-06]|(1e+09,1e+10]
DEW|DEW|(2.5e+07,5e+07]|(100,200]|(0.25,0.5]|(5e-05,0.0001]|(1e+08,5e+08]
Bread|BRD|(2.5e+07,5e+07]|(100,200]|(0.25,0.5]|(5e-05,0.0001]|(5e+07,1e+08]
CRYPTO20|C20|(2.5e+07,5e+07]|(100,200]|(1,10]|(0.0001,0.001]|(1e+07,5e+07]
DigitalNote|XDN|(2.5e+07,5e+07]|(100,200]|(0,0.03]|(0,1e-06]|(1e+09,1e+10]
SIRINLABSToken|SRN|(2.5e+07,5e+07]|(100,200]|(0.1,0.25]|(1e-05,5e-05]|(1e+08,5e+08]
RaidenNetwor...|RDN|(2.5e+07,5e+07]|(100,200]|(0.5,1]|(0.0001,0.001]|(5e+07,1e+08]
Cube|AUTO|(2.5e+07,5e+07]|(100,200]|(0,0.03]|(0,1e-06]|(1e+09,1e+10]
Pillar|PLR|(2.5e+07,5e+07]|(100,200]|(0.1,0.25]|(1e-05,5e-05]|(1e+08,5e+08]
Ubiq|UBQ|(2.5e+07,5e+07]|(100,200]|(0.5,1]|(0.0001,0.001]|(1e+07,5e+07]
Metal|MTL|(2.5e+07,5e+07]|(100,200]|(1,10]|(0.0001,0.001]|(1e+07,5e+07]
BitcoinInterest|BCI|(2.5e+07,5e+07]|(100,200]|(1,10]|(0.0001,0.001]|(1e+07,5e+07]
GameCredits|GAME|(2.5e+07,5e+07]|(100,200]|(0.5,1]|(5e-05,0.0001]|(5e+07,1e+08]
SakuraBloom|SKB|(2.5e+07,5e+07]|(100,200]|(0,0.03]|(1e-06,5e-06]|(1e+09,1e+10]
Peercoin|PPC|(2.5e+07,5e+07]|(100,200]|(1,10]|(0.0001,0.001]|(1e+07,5e+07]
SophiaTX|SPHTX|(2.5e+07,5e+07]|(100,200]|(0.1,0.25]|(1e-05,5e-05]|(1e+08,5e+08]
Odyssey|OCN|(2.5e+07,5e+07]|(100,200]|(0,0.03]|(1e-06,5e-06]|(1e+09,1e+10]
ZClassic|ZCL|(2.5e+07,5e+07]|(100,200]|(1,10]|(0.001,0.01]|(0,1e+07]
BOScoin|BOS|(2.5e+07,5e+07]|(200,400]|(0.03,0.1]|(1e-05,5e-05]|(1e+08,5e+08]
Aston|ATX|(2.5e+07,5e+07]|(200,400]|(0.03,0.1]|(5e-06,1e-05]|(5e+08,1e+09]
Crypterium|CRPT|(2.5e+07,5e+07]|(200,400]|(0.25,0.5]|(5e-05,0.0001]|(5e+07,1e+08]
NKN|NKN|(2.5e+07,5e+07]|(200,400]|(0.1,0.25]|(1e-05,5e-05]|(1e+08,5e+08]
Mainframe|MFT|(2.5e+07,5e+07]|(200,400]|(0,0.03]|(1e-06,5e-06]|(1e+09,1e+10]
IHTRealEsta...|IHT|(2.5e+07,5e+07]|(200,400]|(0.03,0.1]|(1e-05,5e-05]|(5e+08,1e+09]
ETHLend|LEND|(2.5e+07,5e+07]|(200,400]|(0.03,0.1]|(1e-06,5e-06]|(1e+09,1e+10]
Tokenomy|TEN|(2.5e+07,5e+07]|(200,400]|(0.1,0.25]|(1e-05,5e-05]|(1e+08,5e+08]
Electra|ECA|(2.5e+07,5e+07]|(200,400]|(0,0.03]|(0,1e-06]|(1e+10,1e+12]
Delphy|DPY|(2.5e+07,5e+07]|(200,400]|(0.5,1]|(0.0001,0.001]|(1e+07,5e+07]
TradeToken|TIO|(2.5e+07,5e+07]|(200,400]|(0.25,0.5]|(5e-05,0.0001]|(5e+07,1e+08]
FairCoin|FAIR|(2.5e+07,5e+07]|(200,400]|(0.5,1]|(5e-05,0.0001]|(5e+07,1e+08]
Telcoin|TEL|(2.5e+07,5e+07]|(200,400]|(0,0.03]|(0,1e-06]|(1e+10,1e+12]
Edgeless|EDG|(2.5e+07,5e+07]|(200,400]|(0.25,0.5]|(5e-05,0.0001]|(5e+07,1e+08]
IoTeX|IOTX|(2.5e+07,5e+07]|(200,400]|(0,0.03]|(1e-06,5e-06]|(1e+09,1e+10]
GenesisVision|GVT|(2.5e+07,5e+07]|(200,400]|(1,10]|(0.001,0.01]|(0,1e+07]
BridgeCoin|BCO|(2.5e+07,5e+07]|(200,400]|(1,10]|(0.0001,0.001]|(1e+07,5e+07]
EndorProtocol|EDR|(2.5e+07,5e+07]|(200,400]|(0.03,0.1]|(5e-06,1e-05]|(5e+08,1e+09]
DATA|DTA|(2.5e+07,5e+07]|(200,400]|(0,0.03]|(1e-06,5e-06]|(1e+09,1e+10]
Stakenet|XSN|(2.5e+07,5e+07]|(200,400]|(0.25,0.5]|(5e-05,0.0001]|(5e+07,1e+08]
Ink|INK|(2.5e+07,5e+07]|(200,400]|(0.03,0.1]|(1e-05,5e-05]|(1e+08,5e+08]
Bitcore|BTX|(2.5e+07,5e+07]|(200,400]|(1,10]|(0.0001,0.001]|(1e+07,5e+07]
Unobtanium|UNO|(2.5e+07,5e+07]|(200,400]|(100,500]|(0.01,0.05]|(0,1e+07]
Ternio|TERN|(2.5e+07,5e+07]|(200,400]|(0.03,0.1]|(1e-05,5e-05]|(1e+08,5e+08]
JibrelNetwork|JNT|(2.5e+07,5e+07]|(200,400]|(0.1,0.25]|(1e-05,5e-05]|(1e+08,5e+08]
NANJCOIN|NANJ|(2.5e+07,5e+07]|(200,400]|(0,0.03]|(0,1e-06]|(1e+10,1e+12]
IoTChain|ITC|(2.5e+07,5e+07]|(200,400]|(0.5,1]|(5e-05,0.0001]|(5e+07,1e+08]
Burst|BURST|(2.5e+07,5e+07]|(200,400]|(0,0.03]|(1e-06,5e-06]|(1e+09,1e+10]
LitecoinCash|LCC|(2.5e+07,5e+07]|(200,400]|(0.03,0.1]|(5e-06,1e-05]|(5e+08,1e+09]
AdEx|ADX|(2.5e+07,5e+07]|(200,400]|(0.25,0.5]|(5e-05,0.0001]|(5e+07,1e+08]
MetaverseETP|ETP|(2.5e+07,5e+07]|(200,400]|(0.5,1]|(0.0001,0.001]|(1e+07,5e+07]
Primecoin|XPM|(2.5e+07,5e+07]|(200,400]|(1,10]|(0.0001,0.001]|(1e+07,5e+07]
NavCoin|NAV|(2.5e+07,5e+07]|(200,400]|(0.25,0.5]|(5e-05,0.0001]|(5e+07,1e+08]
RedPulse|RPX|(2.5e+07,5e+07]|(200,400]|(0.03,0.1]|(5e-06,1e-05]|(5e+08,1e+09]
Einsteinium|EMC2|(2.5e+07,5e+07]|(200,400]|(0.1,0.25]|(1e-05,5e-05]|(1e+08,5e+08]
bitCNY|BITCNY|(2.5e+07,5e+07]|(200,400]|(0.1,0.25]|(1e-05,5e-05]|(1e+08,5e+08]
WhiteCoin|XWC|(2.5e+07,5e+07]|(200,400]|(0.1,0.25]|(1e-05,5e-05]|(1e+08,5e+08]
SwftCoin|SWFTC|(2.5e+07,5e+07]|(200,400]|(0,0.03]|(1e-06,5e-06]|(1e+09,1e+10]
Rock|RKT|(2.5e+07,5e+07]|(200,400]|(0.03,0.1]|(1e-05,5e-05]|(1e+08,5e+08]
GoChain|GO|(2.5e+07,5e+07]|(200,400]|(0.03,0.1]|(5e-06,1e-05]|(1e+08,5e+08]
PCHAIN|PAI|(2.5e+07,5e+07]|(200,400]|(0.03,0.1]|(5e-06,1e-05]|(1e+08,5e+08]
Lympo|LYM|(2.5e+07,5e+07]|(200,400]|(0.03,0.1]|(5e-06,1e-05]|(5e+08,1e+09]
TokenCard|TKN|(2.5e+07,5e+07]|(200,400]|(1,10]|(0.0001,0.001]|(1e+07,5e+07]
Eidoo|EDO|(2.5e+07,5e+07]|(200,400]|(0.5,1]|(0.0001,0.001]|(1e+07,5e+07]
InternetNode...|INT|(2.5e+07,5e+07]|(200,400]|(0.03,0.1]|(1e-05,5e-05]|(1e+08,5e+08]
DistributedC...|DCC|(2.5e+07,5e+07]|(200,400]|(0.03,0.1]|(1e-06,5e-06]|(5e+08,1e+09]
Apex|CPX|(2.5e+07,5e+07]|(200,400]|(0.03,0.1]|(5e-06,1e-05]|(1e+08,5e+08]
OriginTrail|TRAC|(2.5e+07,5e+07]|(200,400]|(0.1,0.25]|(1e-05,5e-05]|(1e+08,5e+08]
QuarkChain|QKC|(2.5e+07,5e+07]|(200,400]|(0.03,0.1]|(1e-05,5e-05]|(1e+08,5e+08]
BitBay|BAY|(2.5e+07,5e+07]|(200,400]|(0,0.03]|(1e-06,5e-06]|(1e+09,1e+10]
OST|OST|(2.5e+07,5e+07]|(200,400]|(0.03,0.1]|(1e-05,5e-05]|(1e+08,5e+08]
RepublicProt...|REN|(2.5e+07,5e+07]|(200,400]|(0.03,0.1]|(5e-06,1e-05]|(5e+08,1e+09]
LGOExchange|LGO|(2.5e+07,5e+07]|(200,400]|(0.1,0.25]|(1e-05,5e-05]|(1e+08,5e+08]
Gulden|NLG|(2.5e+07,5e+07]|(200,400]|(0.03,0.1]|(5e-06,1e-05]|(1e+08,5e+08]
PayPie|PPP|(2.5e+07,5e+07]|(200,400]|(0.25,0.5]|(1e-05,5e-05]|(5e+07,1e+08]
DAEX|DAX|(2.5e+07,5e+07]|(200,400]|(0.03,0.1]|(1e-05,5e-05]|(1e+08,5e+08]
Eximchain|EXC|(2.5e+07,5e+07]|(200,400]|(0.25,0.5]|(5e-05,0.0001]|(5e+07,1e+08]
SaluS|SLS|(2.5e+07,5e+07]|(200,400]|(10,25]|(0.001,0.01]|(0,1e+07]
PRIZM|PZM|(1e+07,2.5e+07]|(200,400]|(0.5,1]|(0.0001,0.001]|(1e+07,5e+07]
MARK.SPACE|MRK|(1e+07,2.5e+07]|(200,400]|(0.03,0.1]|(5e-06,1e-05]|(1e+08,5e+08]
RipioCredit...|RCN|(1e+07,2.5e+07]|(200,400]|(0.03,0.1]|(5e-06,1e-05]|(1e+08,5e+08]
Viacoin|VIA|(1e+07,2.5e+07]|(200,400]|(1,10]|(0.0001,0.001]|(1e+07,5e+07]
QuantumResis...|QRL|(1e+07,2.5e+07]|(200,400]|(0.25,0.5]|(5e-05,0.0001]|(5e+07,1e+08]
district0x|DNT|(1e+07,2.5e+07]|(200,400]|(0.03,0.1]|(5e-06,1e-05]|(5e+08,1e+09]
MinexCoin|MNX|(1e+07,2.5e+07]|(200,400]|(1,10]|(0.0001,0.001]|(0,1e+07]
0chain|ZCN|(1e+07,2.5e+07]|(200,400]|(0.5,1]|(5e-05,0.0001]|(1e+07,5e+07]
Wagerr|WGR|(1e+07,2.5e+07]|(200,400]|(0.1,0.25]|(1e-05,5e-05]|(1e+08,5e+08]
YEE|YEE|(1e+07,2.5e+07]|(200,400]|(0,0.03]|(1e-06,5e-06]|(1e+09,1e+10]
Linda|LINDA|(1e+07,2.5e+07]|(200,400]|(0,0.03]|(0,1e-06]|(1e+09,1e+10]
TomoChain|TOMO|(1e+07,2.5e+07]|(200,400]|(0.25,0.5]|(5e-05,0.0001]|(5e+07,1e+08]
Universa|UTNP|(1e+07,2.5e+07]|(200,400]|(0,0.03]|(1e-06,5e-06]|(1e+09,1e+10]
LoyalCoin|LYL|(1e+07,2.5e+07]|(200,400]|(0,0.03]|(0,1e-06]|(1e+09,1e+10]
BABB|BAX|(1e+07,2.5e+07]|(200,400]|(0,0.03]|(0,1e-06]|(1e+10,1e+12]
SingularDTV|SNGLS|(1e+07,2.5e+07]|(200,400]|(0.03,0.1]|(5e-06,1e-05]|(5e+08,1e+09]
Ivy|IVY|(1e+07,2.5e+07]|(200,400]|(0.03,0.1]|(1e-05,5e-05]|(1e+08,5e+08]
APIS|APIS|(1e+07,2.5e+07]|(200,400]|(0,0.03]|(0,1e-06]|(1e+09,1e+10]
TokenClub|TCT|(1e+07,2.5e+07]|(200,400]|(0.03,0.1]|(5e-06,1e-05]|(1e+08,5e+08]
AirSwap|AST|(1e+07,2.5e+07]|(200,400]|(0.1,0.25]|(1e-05,5e-05]|(1e+08,5e+08]
BrahmaOS|BRM|(1e+07,2.5e+07]|(200,400]|(0.03,0.1]|(5e-06,1e-05]|(5e+08,1e+09]
GINcoin|GIN|(1e+07,2.5e+07]|(200,400]|(10,25]|(0.001,0.01]|(0,1e+07]
FuzeX|FXT|(1e+07,2.5e+07]|(200,400]|(0,0.03]|(1e-06,5e-06]|(5e+08,1e+09]
Cryptaur|CPT|(1e+07,2.5e+07]|(200,400]|(0,0.03]|(0,1e-06]|(1e+09,1e+10]
UTRUST|UTK|(1e+07,2.5e+07]|(200,400]|(0.03,0.1]|(1e-05,5e-05]|(1e+08,5e+08]
CloakCoin|CLOAK|(1e+07,2.5e+07]|(200,400]|(1,10]|(0.0001,0.001]|(0,1e+07]
Primas|PST|(1e+07,2.5e+07]|(200,400]|(0.25,0.5]|(5e-05,0.0001]|(5e+07,1e+08]
Aeon|AEON|(1e+07,2.5e+07]|(200,400]|(1,10]|(0.0001,0.001]|(1e+07,5e+07]
Counterparty|XCP|(1e+07,2.5e+07]|(200,400]|(1,10]|(0.001,0.01]|(0,1e+07]
Datum|DAT|(1e+07,2.5e+07]|(200,400]|(0,0.03]|(1e-06,5e-06]|(5e+08,1e+09]
KickCoin|KICK|(1e+07,2.5e+07]|(200,400]|(0.03,0.1]|(5e-06,1e-05]|(1e+08,5e+08]
Banca|BANCA|(1e+07,2.5e+07]|(200,400]|(0,0.03]|(0,1e-06]|(1e+10,1e+12]
HydroProtocol|HOT|(1e+07,2.5e+07]|(200,400]|(0,0.03]|(1e-06,5e-06]|(5e+08,1e+09]
Namecoin|NMC|(1e+07,2.5e+07]|(200,400]|(1,10]|(0.0001,0.001]|(1e+07,5e+07]
Tierion|TNT|(1e+07,2.5e+07]|(200,400]|(0.03,0.1]|(5e-06,1e-05]|(1e+08,5e+08]
Bezant|BZNT|(1e+07,2.5e+07]|(200,400]|(0.03,0.1]|(1e-05,5e-05]|(1e+08,5e+08]
Wings|WINGS|(1e+07,2.5e+07]|(200,400]|(0.1,0.25]|(1e-05,5e-05]|(5e+07,1e+08]
DATx|DATX|(1e+07,2.5e+07]|(200,400]|(0,0.03]|(1e-06,5e-06]|(1e+09,1e+10]
Zebi|ZCO|(1e+07,2.5e+07]|(200,400]|(0.03,0.1]|(5e-06,1e-05]|(1e+08,5e+08]
AppCoins|APPC|(1e+07,2.5e+07]|(200,400]|(0.1,0.25]|(1e-05,5e-05]|(1e+08,5e+08]
Presearch|PRE|(1e+07,2.5e+07]|(200,400]|(0.1,0.25]|(1e-05,5e-05]|(1e+08,5e+08]
WePower|WPR|(1e+07,2.5e+07]|(200,400]|(0.03,0.1]|(5e-06,1e-05]|(1e+08,5e+08]
Spectre.aiDi...|SXDT|(1e+07,2.5e+07]|(200,400]|(0.1,0.25]|(1e-05,5e-05]|(5e+07,1e+08]
CPChain|CPC|(1e+07,2.5e+07]|(200,400]|(0.03,0.1]|(1e-05,5e-05]|(1e+08,5e+08]
SteemDollars|SBD|(1e+07,2.5e+07]|(200,400]|(1,10]|(0.0001,0.001]|(1e+07,5e+07]
BitRent|RNTB|(1e+07,2.5e+07]|(200,400]|(0,0.03]|(1e-06,5e-06]|(5e+08,1e+09]
Feathercoin|FTC|(1e+07,2.5e+07]|(200,400]|(0.03,0.1]|(1e-05,5e-05]|(1e+08,5e+08]
Etherparty|FUEL|(1e+07,2.5e+07]|(200,400]|(0.03,0.1]|(5e-06,1e-05]|(1e+08,5e+08]
INSEcosystem|INS|(1e+07,2.5e+07]|(200,400]|(0.5,1]|(5e-05,0.0001]|(1e+07,5e+07]
LBRYCredits|LBC|(1e+07,2.5e+07]|(200,400]|(0.1,0.25]|(1e-05,5e-05]|(1e+08,5e+08]
CashBetCoin|CBC|(1e+07,2.5e+07]|(200,400]|(0.1,0.25]|(1e-05,5e-05]|(5e+07,1e+08]
Lykke|LKK|(1e+07,2.5e+07]|(200,400]|(0.03,0.1]|(5e-06,1e-05]|(1e+08,5e+08]
Hydrogen|HYDRO|(1e+07,2.5e+07]|(200,400]|(0,0.03]|(0,1e-06]|(1e+09,1e+10]
WaBi|WABI|(1e+07,2.5e+07]|(200,400]|(0.25,0.5]|(5e-05,0.0001]|(1e+07,5e+07]
Modum|MOD|(1e+07,2.5e+07]|(200,400]|(1,10]|(0.0001,0.001]|(1e+07,5e+07]
DECENT|DCT|(1e+07,2.5e+07]|(200,400]|(0.25,0.5]|(5e-05,0.0001]|(5e+07,1e+08]
Zeepin|ZPT|(1e+07,2.5e+07]|(200,400]|(0.03,0.1]|(5e-06,1e-05]|(1e+08,5e+08]
SpankChain|SPANK|(1e+07,2.5e+07]|(200,400]|(0.03,0.1]|(5e-06,1e-05]|(1e+08,5e+08]
ION|ION|(1e+07,2.5e+07]|(200,400]|(0.5,1]|(0.0001,0.001]|(1e+07,5e+07]
OracleChain|OCT|(1e+07,2.5e+07]|(200,400]|(0.5,1]|(5e-05,0.0001]|(1e+07,5e+07]
LinkEye|LET|(1e+07,2.5e+07]|(200,400]|(0.03,0.1]|(1e-06,5e-06]|(5e+08,1e+09]
Ravencoin|RVN|(1e+07,2.5e+07]|(200,400]|(0,0.03]|(1e-06,5e-06]|(1e+09,1e+10]
Havven|HAV|(1e+07,2.5e+07]|(200,400]|(0.25,0.5]|(1e-05,5e-05]|(5e+07,1e+08]
Swarm|SWM|(1e+07,2.5e+07]|(200,400]|(0.25,0.5]|(5e-05,0.0001]|(5e+07,1e+08]
MobileGo|MGO|(1e+07,2.5e+07]|(200,400]|(0.1,0.25]|(1e-05,5e-05]|(5e+07,1e+08]
Phore|PHR|(1e+07,2.5e+07]|(200,400]|(1,10]|(0.0001,0.001]|(1e+07,5e+07]
PACcoin|PAC|(1e+07,2.5e+07]|(200,400]|(0,0.03]|(0,1e-06]|(1e+09,1e+10]
TrustNote|TTT|(1e+07,2.5e+07]|(200,400]|(0.03,0.1]|(5e-06,1e-05]|(1e+08,5e+08]
Maecenas|ART|(1e+07,2.5e+07]|(200,400]|(0.25,0.5]|(5e-05,0.0001]|(1e+07,5e+07]
Blox|CDT|(1e+07,2.5e+07]|(200,400]|(0,0.03]|(1e-06,5e-06]|(5e+08,1e+09]
YOYOW|YOYOW|(1e+07,2.5e+07]|(200,400]|(0.03,0.1]|(5e-06,1e-05]|(1e+08,5e+08]
Dock|DOCK|(1e+07,2.5e+07]|(200,400]|(0.03,0.1]|(5e-06,1e-05]|(1e+08,5e+08]
Lunyr|LUN|(1e+07,2.5e+07]|(200,400]|(1,10]|(0.001,0.01]|(0,1e+07]
Melon|MLN|(1e+07,2.5e+07]|(200,400]|(25,100]|(0.001,0.01]|(0,1e+07]
Cashaa|CAS|(1e+07,2.5e+07]|(200,400]|(0.03,0.1]|(5e-06,1e-05]|(1e+08,5e+08]
NAGA|NGC|(1e+07,2.5e+07]|(200,400]|(0.25,0.5]|(1e-05,5e-05]|(5e+07,1e+08]
TaaS|TAAS|(1e+07,2.5e+07]|(200,400]|(1,10]|(0.0001,0.001]|(0,1e+07]
DecentBet|DBET|(1e+07,2.5e+07]|(200,400]|(0.1,0.25]|(1e-05,5e-05]|(1e+08,5e+08]
AuroraDAO|AURA|(1e+07,2.5e+07]|(200,400]|(0.1,0.25]|(1e-05,5e-05]|(1e+08,5e+08]
XTRABYTES|XBY|(1e+07,2.5e+07]|(200,400]|(0.03,0.1]|(5e-06,1e-05]|(1e+08,5e+08]
ugChain|UGC|(1e+07,2.5e+07]|(200,400]|(0,0.03]|(1e-06,5e-06]|(5e+08,1e+09]
Merculet|MVP|(1e+07,2.5e+07]|(200,400]|(0,0.03]|(1e-06,5e-06]|(1e+09,1e+10]
ECC|ECC|(1e+07,2.5e+07]|(200,400]|(0,0.03]|(0,1e-06]|(1e+10,1e+12]
ATN|ATN|(1e+07,2.5e+07]|(200,400]|(0.1,0.25]|(1e-05,5e-05]|(5e+07,1e+08]
VIBE|VIBE|(1e+07,2.5e+07]|(200,400]|(0.03,0.1]|(1e-05,5e-05]|(1e+08,5e+08]
SHIELD|XSH|(1e+07,2.5e+07]|(200,400]|(0.03,0.1]|(1e-06,5e-06]|(5e+08,1e+09]
Mothership|MSP|(1e+07,2.5e+07]|(200,400]|(0.1,0.25]|(1e-05,5e-05]|(1e+08,5e+08]
MediBloc[ERC20]|MEDX|(1e+07,2.5e+07]|(200,400]|(0,0.03]|(0,1e-06]|(1e+09,1e+10]
XinFinNetwork|XDCE|(1e+07,2.5e+07]|(200,400]|(0,0.03]|(0,1e-06]|(1e+09,1e+10]
HTMLCOIN|HTML|(1e+07,2.5e+07]|(200,400]|(0,0.03]|(0,1e-06]|(1e+10,1e+12]
MediBloc[QRC20]|MED|(1e+07,2.5e+07]|(200,400]|(0,0.03]|(0,1e-06]|(1e+09,1e+10]
Mobius|MOBI|(1e+07,2.5e+07]|(200,400]|(0.03,0.1]|(5e-06,1e-05]|(1e+08,5e+08]
Peerplays|PPY|(1e+07,2.5e+07]|(200,400]|(1,10]|(0.0001,0.001]|(0,1e+07]
CasinoCoin|CSC|(1e+07,2.5e+07]|(200,400]|(0,0.03]|(0,1e-06]|(1e+10,1e+12]
ExperiencePo...|XP|(1e+07,2.5e+07]|(200,400]|(0,0.03]|(0,1e-06]|(1e+10,1e+12]
QLINK|QLC|(1e+07,2.5e+07]|(200,400]|(0.03,0.1]|(5e-06,1e-05]|(1e+08,5e+08]
Tao|XTO|(1e+07,2.5e+07]|(200,400]|(0.25,0.5]|(5e-05,0.0001]|(1e+07,5e+07]
DecisionToken|HST|(1e+07,2.5e+07]|(200,400]|(0.25,0.5]|(5e-05,0.0001]|(1e+07,5e+07]
Envion|EVN|(1e+07,2.5e+07]|(200,400]|(0.1,0.25]|(1e-05,5e-05]|(1e+08,5e+08]
SelfSell|SSC|(1e+07,2.5e+07]|(200,400]|(0.03,0.1]|(5e-06,1e-05]|(1e+08,5e+08]
UNetwork|UUU|(1e+07,2.5e+07]|(200,400]|(0,0.03]|(0,1e-06]|(1e+09,1e+10]
Fortuna|FOTA|(1e+07,2.5e+07]|(200,400]|(0.03,0.1]|(5e-06,1e-05]|(1e+08,5e+08]
Pura|PURA|(1e+07,2.5e+07]|(200,400]|(0.03,0.1]|(1e-05,5e-05]|(1e+08,5e+08]
TE-FOOD|TFD|(1e+07,2.5e+07]|(200,400]|(0.03,0.1]|(1e-06,5e-06]|(1e+08,5e+08]
Credo|CREDO|(1e+07,2.5e+07]|(200,400]|(0,0.03]|(1e-06,5e-06]|(5e+08,1e+09]
Constellation|DAG|(1e+07,2.5e+07]|(200,400]|(0,0.03]|(1e-06,5e-06]|(5e+08,1e+09]
OneRootNetwork|RNT|(1e+07,2.5e+07]|(200,400]|(0.03,0.1]|(5e-06,1e-05]|(1e+08,5e+08]
Electrify.Asia|ELEC|(1e+07,2.5e+07]|(200,400]|(0.03,0.1]|(5e-06,1e-05]|(1e+08,5e+08]
Viberate|VIB|(1e+07,2.5e+07]|(200,400]|(0.03,0.1]|(1e-05,5e-05]|(1e+08,5e+08]
XMax|XMX|(1e+07,2.5e+07]|(200,400]|(0,0.03]|(0,1e-06]|(1e+09,1e+10]
HiveProject|HVN|(1e+07,2.5e+07]|(200,400]|(0.03,0.1]|(5e-06,1e-05]|(1e+08,5e+08]
UnitedTrader...|UTT|(1e+07,2.5e+07]|(200,400]|(0.25,0.5]|(5e-05,0.0001]|(1e+07,5e+07]
Qbao|QBT|(1e+07,2.5e+07]|(200,400]|(0.1,0.25]|(1e-05,5e-05]|(5e+07,1e+08]
LEOcoin|LEO|(1e+07,2.5e+07]|(200,400]|(0.1,0.25]|(1e-05,5e-05]|(1e+08,5e+08]
FirstBlood|1ST|(1e+07,2.5e+07]|(200,400]|(0.1,0.25]|(1e-05,5e-05]|(5e+07,1e+08]
Bankex|BKX|(1e+07,2.5e+07]|(200,400]|(0.1,0.25]|(1e-05,5e-05]|(5e+07,1e+08]
Sentinel|SENT|(1e+07,2.5e+07]|(200,400]|(0,0.03]|(1e-06,5e-06]|(1e+09,1e+10]
Mercury|MER|(1e+07,2.5e+07]|(200,400]|(0.1,0.25]|(1e-05,5e-05]|(5e+07,1e+08]
iXledger|IXT|(1e+07,2.5e+07]|(200,400]|(0.25,0.5]|(5e-05,0.0001]|(1e+07,5e+07]
UnikoinGold|UKG|(1e+07,2.5e+07]|(200,400]|(0.03,0.1]|(1e-05,5e-05]|(1e+08,5e+08]
PepeCash|PEPECASH|(1e+07,2.5e+07]|(200,400]|(0,0.03]|(1e-06,5e-06]|(5e+08,1e+09]
Synereo|AMP|(1e+07,2.5e+07]|(200,400]|(0.1,0.25]|(1e-05,5e-05]|(1e+08,5e+08]
QunQun|QUN|(1e+07,2.5e+07]|(200,400]|(0,0.03]|(1e-06,5e-06]|(5e+08,1e+09]
COSS|COSS|(1e+07,2.5e+07]|(200,400]|(0.1,0.25]|(1e-05,5e-05]|(1e+08,5e+08]
Humaniq|HMQ|(1e+07,2.5e+07]|(200,400]|(0.03,0.1]|(1e-05,5e-05]|(1e+08,5e+08]
CEEKVR|CEEK|(1e+07,2.5e+07]|(200,400]|(0.03,0.1]|(5e-06,1e-05]|(1e+08,5e+08]
Soarcoin|SOAR|(1e+07,2.5e+07]|(200,400]|(0,0.03]|(1e-06,5e-06]|(1e+09,1e+10]
AICHAIN|AIT|(1e+07,2.5e+07]|(200,400]|(0,0.03]|(1e-06,5e-06]|(5e+08,1e+09]
Oyster|PRL|(1e+07,2.5e+07]|(200,400]|(0.1,0.25]|(1e-05,5e-05]|(5e+07,1e+08]
Covesting|COV|(1e+07,2.5e+07]|(200,400]|(0.5,1]|(0.0001,0.001]|(1e+07,5e+07]
Zeusshield|ZSC|(1e+07,2.5e+07]|(200,400]|(0,0.03]|(1e-06,5e-06]|(1e+09,1e+10]
Karma|KRM|(1e+07,2.5e+07]|(200,400]|(0,0.03]|(1e-06,5e-06]|(1e+09,1e+10]
Grid+|GRID|(1e+07,2.5e+07]|(200,400]|(0.25,0.5]|(1e-05,5e-05]|(1e+07,5e+07]
BlockMasonCr...|BCPT|(1e+07,2.5e+07]|(200,400]|(0.1,0.25]|(1e-05,5e-05]|(5e+07,1e+08]
Shift|SHIFT|(1e+07,2.5e+07]|(200,400]|(1,10]|(0.0001,0.001]|(1e+07,5e+07]
Cofound.it|CFI|(1e+07,2.5e+07]|(200,400]|(0.03,0.1]|(5e-06,1e-05]|(1e+08,5e+08]
Blackmoon|BMC|(1e+07,2.5e+07]|(200,400]|(0.5,1]|(5e-05,0.0001]|(1e+07,5e+07]
Triggers|TRIG|(1e+07,2.5e+07]|(200,400]|(0.25,0.5]|(5e-05,0.0001]|(1e+07,5e+07]
HempCoin|THC|(1e+07,2.5e+07]|(200,400]|(0.03,0.1]|(5e-06,1e-05]|(1e+08,5e+08]
Datawallet|DXT|(1e+07,2.5e+07]|(200,400]|(0.03,0.1]|(1e-06,5e-06]|(1e+08,5e+08]
Elastic|XEL|(1e+07,2.5e+07]|(200,400]|(0.1,0.25]|(1e-05,5e-05]|(5e+07,1e+08]
Medicalchain|MTN|(1e+07,2.5e+07]|(200,400]|(0.03,0.1]|(5e-06,1e-05]|(1e+08,5e+08]
